-2.9500000000000002        107.11109524838714       -126.65984978396101        133.15778472239771        52.924828413502723        106.15827643589731 
-2.8999999999999999        53.790960801695107       -60.439860471503401        66.787049402605717        26.295601608014067        52.772668493650144 
-2.8959999999999999        51.741297052985630       -57.908986759343065        64.244870548314168        25.273013586805945        50.717667381499588 
-2.842        34.244518050080487       -36.416687002081282        42.610702788135406        16.551761359851469        33.147085575558776
-2.7879999999999998        25.691779422539184       -26.031564926314733        32.103486148165850        12.296770589198672        24.516643947895609
-2.734        20.645679296708042       -19.964756098497006        25.934183864658714        9.7894350374632211        19.387909425531930 
-2.6800000000000002        17.339641084231992       -16.014196177590609        21.900814518313165        8.1464605763870281        15.993114872768956
-2.6259999999999999        15.028124586108021       -13.252542561682217        19.076401810807024        6.9949593082497756        13.585323587709532 
-2.5720000000000001        13.342808306211806       -11.222500385371802        17.004341770993634        6.1505235383712034        11.794550963961939
-2.5179999999999998        12.081617346431088       -9.6731431582284717        15.434781847124578        5.5117148665203786        10.416712199751032
-2.4900000000000002        11.553167419170478       -9.0072975143813245        14.767536317821072        5.2405112961243958        9.8225796182545082 
-2.464       11.125372182795076       -8.4556895832838457        14.220479582147224        5.0183531893017062        9.3301633629731100
-2.41        10.400332348729895       -7.4765646136524495        13.269978121262358        4.6327383272713405        8.4580979876714864 
-2.3559999999999999        9.8597490680477513       -6.6741125756178734        12.524480305308550        4.3303547318976428        7.7498953095484779
-2.302        9.4742071905450800       -6.0061470741129224        11.945627581599238        4.0949392254152102        7.1711727386427793
-2.2480000000000002        9.2264481278637440       -5.4428855522418988        11.508765622859304        3.9157413374036985        6.6981902382488672 
-2.194        9.1087391813921794       -4.9627395129209146        11.199222936080059        3.7859822907659400        6.3146001891861063 
-2.1400000000000001        9.1219333023777711       -4.5497024827121368        11.010437197648892        3.7020397061556647        6.0095659021487560 
-2.0859999999999999        9.2759524666781150       -4.1916728892524331        10.943427525570847        3.6631460302364047        5.7767710295277404
-2.032        9.5918814511095682       -3.8793452534369406        11.007537980480464        3.6715508906352738        5.6141229135244117
-1.978        10.106420547586190       -3.6054583952334442        11.222796780820481        3.7332477388427492        5.5241652641986292
-1.9239999999999999        10.880454178935677       -3.3642744611095750        11.624887217858683        3.8595880448277171        5.5154725721137652 
-1.8700000000000001        12.015709336120755       -3.1512110566958067        12.275085107695229        4.0705625409913750        5.6057743363789925
-1.8160000000000001        13.689034182126283       -2.9625773314018544        13.280871923699580        4.4016490621952755        5.8286887037358852 
-1.762        16.229650576527629       -2.7953822113457965        14.842445049520718        4.9192984865217397        6.2491240413821529
-1.708        20.317517563772970       -2.6471938154854704        17.372037835884331        5.7606947807723685        7.0029758191931037 
-1.6539999999999999        27.600334751716648       -2.5160360487649740        21.864628225787371        7.2573143363351562        8.4206381478579431
-1.6000000000000001        43.312507478384127       -2.4003129681032824        31.470142470512656        10.458986025813545        11.551027396018704
-1.5500000000000000        89.293750483762921       -2.3058149552115523        59.284911740723494        19.730983794907416        20.763193876808238 
-1.4500000000000000       -99.108804170246202       -2.1502955659124865       -53.057523601191576       -17.714336958228159       -16.786033368748328     
-1.3999999999999999       -53.593897508761764       -2.0882899244300646       -25.217292133412293       -8.4326062887282376       -7.5491903471770918
-1.2000000000000000       -32.507003459873211       -1.9433922313475982       -7.1424161673690740       -2.3976438951592272       -1.6531123616513526 
-1.1000000000000001       -48.527363866392179       -1.9401822347946762       -5.0965204733452651       -1.7084015100487910       -1.0107046670984987 
-0.90000000000000002        35.916034743574130       -2.1560927909566274       -3.4171796883654579       -1.1256363122882931      -0.47038785826648399
-0.80000000000000004        17.705002496064136       -2.4897611592842814       -3.2159525403577085       -1.0374024893858924      -0.36309087245134741 
-0.59999999999999998        15.155420129795228       -5.6832792493168895       -5.1818197448892604       -1.5322575495654167      -0.44574765171704711
-0.40000000000000002       -5.6770548871064141        4.4304059699952907        3.0494974258423442       0.73520418029685075       0.34842285007833684 
-0.29999999999999999       -1.7354725534536901        1.9802895277683987        1.2155501675614300       0.24187514622578377       0.19658788435899943 
-0.10000000000000001      -0.22001173094833948       0.82193106132585070       0.42820816291249775        3.3528638236596464E-002  0.15039989124882247 
0.10000000000000001       0.13556393047927301       0.49822119713001900       0.24733822711057787       -2.1518693068127703E-002  0.16885845023351820 
0.20000000000000001       0.24846068090051249       0.43694818841381727       0.22398170160974945       -3.9778187838965806E-002  0.19950291125506681 
0.29999999999999999       0.39686459156317366       0.43424467651405851       0.24020502894537110       -6.3718064878470315E-002  0.26665409033714416 
0.40000000000000002       0.77138171138495570       0.57421887766709356       0.35991704822024384      -0.12363563726075544       0.47668406807912278 
0.59999999999999998      -0.65586937527323408      -0.23849794707999328      -0.22812848593602286       0.10369476288708634      -0.38367062269132812
0.69999999999999996      -0.29641792267053968       -7.2096443357381024E-002  -9.5594035017130652E-002   4.6367637468322287E-002 -0.17298963693545269
0.80000000000000004      -0.17827227225937861       -2.6209061355127461E-002  -5.4982056962467718E-002   2.7538507965715775E-002 -0.10459885008576753
0.90000000000000002      -0.12116333155603431       -8.1743566174144466E-003  -3.6555224600275549E-002   1.8454862180098730E-002  -7.1796712414393865E-002
1.1000000000000001       -6.9501739654210415E-002   4.0538349045480815E-003  -2.0975386164359788E-002   1.0256875244535835E-002  -4.2284006410179195E-002
1.2000000000000000       -5.8376087830386718E-002   6.3929563637821624E-003  -1.7867493709093782E-002   8.4693013743905310E-003  -3.6035511331280808E-002
1.6000000000000001        2.2311946801556189E-002  -5.9364313028504867E-003   7.5094488049646524E-003  -3.0092508732977030E-003   1.4588027529092450E-002